1
2
3
4
6
9
10
11
13
16
18
21
22
25
26
28
35
38
49
57
59
62
72
73
78
79
80
81
84
86
88
93
94
95
99
100
105
106
107
109
113
120
122
125
128
129
131
133
137
138
142
143
145
147
148
149
152
154
155
160
161
163
164
165
166
168
169
170
173
175
176
177
179
181
183
186
187
188
189
190
191
192
194
195
197
202
203
204
205
206
209
210
212
213
214
217
218
219
220
221
222
226
227
228
229
230
232
234
235
236
237
238
242
245
249
251
254
257
258
261
263
264
267
268
271
272
273
275
277
281
282
284
285
286
290
291
292
293
294
300
303
305
306
308
309
310
313
314
315
316
318
322
323
332
333
345
348
355
358
363
370
372
374
375
376
377
378
381
384
386
388
391
392
394
395
398
401
402
403
405
406
407
408
409
410
411
413
415
417
419
420
421
422
427
428
429
430
431
432
434
435
436
437
442
444
445
446
449
450
451
452
454
455
456
458
459
461
462
463
464
467
470
471
472
473
475
476
477
478
479
484
485
487
488
492
493
494
497
500
502
503
504
505
507
509
510
511
513
514
515
517
519
521
522
525
527
528
529
530
531
532
534
535
537
538
539
540
542
543
544
545
546
547
548
549
551
552
553
554
555
556
557
558
559
562
563
564
565
571
573
574
575
576
577
579
581
582
583
585
586
588
589
590
591
592
594
595
596
597
599
600
602
605
607
609
610
612
613
614
615
617
621
623
625
627
630
631
632
633
635
637
638
639
640
641
642
643
644
645
646
647
648
649
650
651
652
653
654
656
657
658
659
660
661
662
663
664
665
666
668
669
670
671
672
673
674
676
677
678
679
682
685
686
687
688
689
690
692
693
694
695
696
698
699
701
702
704
729
